2.063596725463867
1.9567534923553467
1.9268871545791626
1.898716926574707
1.8543978929519653
1.7323005199432373
1.6572372913360596
1.5659102201461792
1.5541404485702515
1.4536056518554688
1.475018858909607
1.433834433555603
1.4205193519592285
1.3346205949783325
1.3319114446640015
1.3311601877212524
1.216896891593933
1.1834415197372437
1.149412989616394
1.1567635536193848
1.0786919593811035
1.0696778297424316
1.011092185974121
1.0015009641647339
0.9585632681846619
0.9609039425849915
0.9176451563835144
0.8960262537002563
0.8573105335235596
0.8335129022598267
0.8218076229095459
0.8105229139328003
0.8213534951210022
0.7851802706718445
0.7747595310211182
0.7680270671844482
0.7651325464248657
0.7679968476295471
0.7345110177993774
0.7540809512138367
0.7552545070648193
0.7459160089492798
0.7386971116065979
0.7335655689239502
0.7441262602806091
0.7396639585494995
0.7352122068405151
0.7345274686813354
0.7314085960388184
0.736386775970459
0.7336058020591736
0.7387901544570923
0.7285353541374207
0.7300984859466553
0.7183973789215088
0.7319626212120056
0.7326408624649048
0.7166357040405273
0.7170060873031616
0.7213980555534363
0.7246285080909729
0.7232516407966614
0.7213996648788452
0.7129978537559509
0.7077242136001587
0.71253901720047
0.7137551307678223
0.7037110328674316
0.7093626260757446
0.7133381366729736
0.7083222270011902
0.6998661160469055
0.7115486860275269
0.6949368119239807
0.6999838948249817
0.7013583779335022
0.685190737247467
0.6920074820518494
0.699040949344635
0.6881755590438843
0.6945697665214539
0.6738152503967285
0.6770118474960327
0.6778221726417542
0.6692007780075073
0.6769078969955444
0.6734110116958618
0.6561916470527649
0.6775633096694946
0.6559317111968994
0.6660822629928589
0.6635674238204956
0.6601577997207642
0.6492485404014587
0.6533159613609314
0.6458808183670044
0.6465372443199158
0.6519119739532471
0.6476553678512573
0.659231424331665
0.6445501446723938
0.6377077102661133
0.629583477973938
0.6343863606452942
0.64466392993927
0.636387288570404
0.6312322616577148
0.6289202570915222
0.640489399433136
0.6319242119789124
0.6309748888015747
0.6280682682991028
0.6418527364730835
0.628606915473938
0.6371299028396606
0.6314995288848877
0.6282587647438049
0.625548243522644
0.6176036596298218
0.6257721781730652
0.6139780282974243
0.6275734305381775
0.6192341446876526
0.6265394687652588
0.6130489110946655
0.6157289743423462
0.6174742579460144
0.6297066807746887
0.6157559156417847
0.6147533655166626
0.6119104027748108
0.6268783211708069
0.6185346245765686
0.6230353713035583
0.6000083088874817
0.6014928817749023
0.6248462200164795
0.6036726236343384
0.6003286838531494
0.6051670908927917
0.6176183819770813
0.6175001263618469
0.6011278629302979
0.6127585172653198
0.6106507182121277
0.6010711193084717
0.6187723875045776
0.6084985136985779
0.6063240766525269
0.606914758682251
0.6044946312904358
0.6077260375022888
0.5955649018287659
0.6142978072166443
0.6064717769622803
0.6001363396644592
0.6070911884307861
0.600679337978363
0.6068764328956604
0.5907529592514038
0.5973102450370789
0.5943955183029175
0.5997135043144226
0.6000697612762451
0.5877302289009094
0.5952320694923401
0.5995115637779236
0.6017118692398071
0.5906197428703308
0.5973471403121948
0.6020835041999817
0.6051239371299744
0.586807370185852
0.6043006181716919
0.5938830375671387
0.5966465473175049
0.6044821739196777
0.5848151445388794
0.5994380712509155
0.5889285802841187
0.5899078249931335
0.6004951596260071
0.5934857130050659
0.5891628861427307
0.5952635407447815
0.5894377827644348
0.5901620388031006
0.5972949862480164
0.5974031090736389
0.5933928489685059
0.5865306854248047
0.601215124130249
0.5984085202217102
0.5863966345787048
0.5923397541046143
0.5923764705657959
0.595512866973877
0.5922476053237915
0.5966202020645142
0.603351891040802
0.576472818851471
0.5911402702331543
0.5925353765487671
0.6007880568504333
0.5876224040985107
0.5820708870887756
0.5906552672386169
0.5905576348304749
0.5856395363807678
0.589297354221344
0.5859923362731934
0.5809500217437744
0.5807514786720276
0.5899325609207153
0.5887983441352844
0.5877602696418762
0.5819227695465088
0.5695868730545044
0.5824968218803406
0.5771297216415405
0.5821212530136108
0.5856444835662842
0.5867629051208496
0.5892022252082825
0.5797908306121826
0.5779153108596802
0.5769213438034058
0.5868381261825562
0.5804604887962341
0.5797221064567566
0.5854662656784058
0.5874977111816406
0.5769030451774597
0.5786468982696533
0.5789650678634644
0.5794512629508972
0.5850483775138855
0.5761063098907471
0.5901403427124023
0.58368980884552
0.5827627778053284
0.5813627243041992
0.5773615837097168
0.5854390263557434
0.5735713839530945
0.5783653855323792
0.5846548676490784
0.585349977016449
0.5764876008033752
0.5878250598907471
0.5756531953811646
0.5829212069511414
0.5851724147796631
0.5769166946411133
0.5766305327415466
0.574068546295166
0.5735647678375244
0.580542802810669
0.5842684507369995
0.5836165547370911
0.5836718678474426
0.5753471851348877
0.5696311593055725
0.580217182636261
0.583127498626709
0.5960758328437805
0.577629804611206
0.5903280973434448
0.582568883895874
0.5833123922348022
0.5708627700805664
0.575639545917511
0.5760745406150818
0.5781604647636414
0.5848016738891602
0.5783097147941589
0.5738336443901062
0.5757185816764832
0.5819353461265564
0.5741053819656372
0.5829349756240845
0.5792405605316162
0.5713390707969666
0.5809089541435242
0.5732570290565491
0.577239990234375
0.5792658925056458
0.5775696039199829
0.5704899430274963
0.5731411576271057
0.5829446911811829
0.57090163230896
0.5785992741584778
0.5860538482666016
0.5735876560211182
0.578122615814209
0.5685833692550659
0.5765424966812134
0.5721533894538879
0.5725025534629822
0.576496422290802
0.5652986168861389
0.5792897939682007
0.5677647590637207
0.5755156874656677
0.5632522106170654
0.5741205811500549
0.573925793170929
0.5759199261665344
0.5807258486747742
0.5741961002349854
0.5751225352287292
0.5663796067237854
0.5767127275466919
0.5673104524612427
0.5754130482673645
0.5742540955543518
0.5631841421127319
0.5710018277168274
0.5685608386993408
0.5727258920669556
0.5668150186538696
0.5641939043998718
0.5686595439910889
0.5725793242454529
0.5629133582115173
0.5752902626991272
0.5650923252105713
0.5681027173995972
0.561313271522522
0.5712010860443115
0.5753676891326904
0.5675645470619202
0.5658295154571533
0.5625647306442261
0.5718110799789429
0.5669867396354675
0.5697053670883179
0.5669513940811157
0.575275719165802
0.5639146566390991
0.5704576969146729
0.5636501312255859
0.5673897862434387
0.5632926225662231
0.5691997408866882
0.570623517036438
0.5744501352310181
0.5635855197906494
0.5649949312210083
0.5668992400169373
0.5633067488670349
0.5616716146469116
0.5767403244972229
0.5680800676345825
0.5653217434883118
0.5706455111503601
0.5678358674049377
0.5770198702812195
0.574321448802948
0.5761569738388062
0.5670250654220581
0.5698948502540588
0.562633752822876
0.557826042175293
0.5692792534828186
0.5618089437484741
0.5683624744415283
0.5675195455551147
0.5693780779838562
0.5742790699005127
0.5650612711906433
0.5627672076225281
0.5730751752853394
0.5642514228820801
0.5667315721511841
0.5748479962348938
0.5626765489578247
0.5747186541557312
0.559768557548523
0.5760242342948914
0.5609478950500488
0.5790647864341736
0.5688430666923523
0.5658963918685913
0.5639866590499878
0.5723859071731567
0.5717134475708008
0.5700944662094116
0.5681502223014832
0.5702244639396667
0.5630897879600525
0.5646634101867676
0.5674172639846802
0.5718359351158142
0.5703443884849548
0.5709770321846008
0.5702657699584961
0.5660526752471924
0.5619438290596008
0.5626299381256104
0.5718134045600891
0.5652925372123718
0.5641433000564575
0.5674219131469727
0.5701578855514526
0.5637880563735962
0.5634559392929077
0.5617159605026245
0.555237352848053
0.5674871206283569
0.5684321522712708
0.5677196979522705
0.5561076998710632
0.5586065649986267
0.5545808672904968
0.5727733373641968
0.5646761655807495
0.5602191090583801
0.5561944246292114
0.5582969188690186
0.5678460597991943
0.5694607496261597
0.5623934864997864
0.5573103427886963
0.5615940690040588
0.5619889497756958
0.5587689876556396
0.5649434328079224
0.5654866099357605
0.5529705286026001
0.561517059803009
0.5635939836502075
0.5645777583122253
0.5760182738304138
0.557849645614624
0.5552257299423218
0.565738320350647
0.5608657598495483
0.5576333999633789
0.5758724808692932
0.5601259469985962
0.5633986592292786
0.5587223768234253
0.5668617486953735
0.5583429336547852
0.5539380311965942
0.5599137544631958
0.5578977465629578
0.5580575466156006
0.5559163093566895
0.5628488063812256
0.5589449405670166
0.570469081401825
0.5626413822174072
0.5681029558181763
0.5700952410697937
0.5644246935844421
0.5608137845993042
0.5607771277427673
0.564211905002594
0.5593940019607544
0.5551443696022034
0.5648242235183716
0.5634307861328125
0.5575990676879883
0.5625796318054199
0.5642521381378174
0.564874529838562
0.5610312223434448
0.563662588596344
0.5641849637031555
0.5648409128189087
0.5717552304267883
0.5618780851364136
0.5643881559371948
0.5681139826774597
0.564793586730957
0.5637651681900024
0.5634996294975281
0.5705879330635071
0.5547337532043457
0.5588675141334534
0.5576266646385193
0.5542278289794922
0.5647964477539062
0.564434826374054
0.5639297366142273
0.5621849298477173
0.5619821548461914
0.5664331316947937
0.5616210699081421
0.5619447231292725
0.5672028064727783
0.5638957023620605
0.5640301704406738
0.5588139295578003
0.565619945526123
0.5539262294769287
0.5643920302391052
0.5599560737609863
0.5645090937614441
0.5619266033172607
0.5585676431655884
0.5579100251197815
0.5590519309043884
0.5530214309692383
0.5620546340942383
0.5614935159683228
0.5583778023719788
0.5496048331260681
0.5576513409614563
0.5575219392776489
0.55544114112854
0.5580381751060486
0.5520902872085571
0.5660867691040039
0.5500901341438293
0.5570875406265259
0.5579759478569031
0.5579080581665039
0.5512464046478271
0.556416928768158
0.5632002353668213
0.5545493364334106
0.5656443238258362
0.5528005957603455
0.5510675311088562
0.5670881867408752
0.5567521452903748
0.5544188618659973
0.5671191811561584
0.5580716729164124
0.5621683597564697
0.5600736737251282
0.5648593902587891
0.5618966221809387
0.5636037588119507
0.5523899793624878
0.5586607456207275
0.5549054145812988
0.5500459671020508
0.5607568025588989
0.563043475151062
0.5598847270011902
0.5526115298271179
0.5567638874053955
0.5546981692314148
0.5581713318824768
0.5560587048530579
0.5555217266082764
0.557531476020813
0.5517168641090393
0.5582597255706787
0.5465831756591797
0.5581990480422974
0.564443826675415
0.5657413005828857
0.5641809105873108
0.5601432919502258
0.5575709939002991
0.5622420907020569
0.566600501537323
0.5624051690101624
0.555945634841919
0.5647353529930115
0.5626832246780396
0.5609270930290222
0.5555296540260315
0.567133367061615
0.5570857524871826
0.5553123950958252
0.5573009848594666
0.5634886026382446
0.5567976236343384
0.5555772185325623
0.5612442493438721
0.5551855564117432
0.5675757527351379
0.5541799068450928
0.5578966736793518
0.5546703338623047
0.5612552165985107
0.5684735178947449
0.5610754489898682
0.559836208820343
0.5600364208221436
0.5532906651496887
0.5565788745880127
0.5570322275161743
0.5499910712242126
0.5592532753944397
0.5528225302696228
0.5594564080238342
0.5608569383621216
0.5583367347717285
0.551315426826477
0.558497428894043
0.5596990585327148
0.5632463693618774
0.5568799376487732
0.5600922703742981
0.5539360046386719
0.5501708388328552
0.5572104454040527
0.5490384101867676
0.550437867641449
0.5547536611557007
0.5568103194236755
0.5538333654403687
0.5577508211135864
0.5494875311851501
0.5541698932647705
0.5564261078834534
0.557066023349762
0.557224452495575
0.5466749668121338
0.5560411214828491
0.5581785440444946
0.5528808236122131
0.5480853915214539
0.557517409324646
0.5567944049835205
0.5568556785583496
0.558304488658905
0.5417516827583313
0.5584967136383057
0.5499764680862427
0.560945451259613
0.5618115663528442
0.5591362118721008
0.5502925515174866
0.556988000869751
0.5597020983695984
0.5513465404510498
0.5627984404563904
0.5537049770355225
0.5519849061965942
0.5590136647224426
0.5495602488517761
0.561204731464386
0.5583677291870117
0.5575358867645264
0.5480631589889526
0.5546221733093262
0.55413818359375
0.5503607988357544
0.5517361164093018
0.5529270172119141
0.5511871576309204
0.5516382455825806
0.5471788048744202
0.5458492636680603
0.5458781123161316
0.556297779083252
0.5577642321586609
0.5546959638595581
0.5592935681343079
0.5527132153511047
0.5559365153312683
0.560009777545929
0.5563559532165527
0.5518912076950073
0.5523142218589783
0.5613452792167664
0.5542042255401611
0.5548895597457886
0.5538509488105774
0.5532608032226562
0.5607630014419556
0.5534390211105347
0.551024317741394
0.5540996193885803
0.5603546500205994
0.5574624538421631
0.5440499782562256
0.5576586723327637
0.5516111850738525
0.5498502254486084
0.5494653582572937
0.5516420602798462
0.5518009662628174
0.5526095032691956
0.5494787096977234
0.5469837188720703
0.5531545281410217
0.5648959279060364
0.5530620217323303
0.5578560829162598
0.5553830862045288
0.5521678924560547
0.5571818351745605
0.5497921109199524
0.5568503141403198
0.5564020872116089
0.5612743496894836
0.5516869425773621
0.5610477328300476
0.55083829164505
0.5541902780532837
0.5595794916152954
0.5551503896713257
0.5546486377716064
0.5512145757675171
0.5517135262489319
0.5501492023468018
0.5512519478797913
0.5489215850830078
0.5517174601554871
0.5515939593315125
0.5520153641700745
0.5482144951820374
0.5490349531173706
0.553471028804779
0.5458628535270691
0.5485471487045288
0.5494149923324585
0.5474296808242798
0.5481385588645935
0.5437139868736267
0.5537669062614441
0.5493721961975098
0.5559459924697876
0.5478463768959045
0.5534159541130066
0.5438145995140076
0.5523780584335327
0.5512726902961731
0.5508641600608826
0.5550199747085571
0.5498563051223755
0.5534272193908691
0.5539959073066711
0.5482162237167358
0.5483410954475403
0.5500519871711731
0.5483613014221191
0.5514585375785828
0.5518853664398193
0.5517343878746033
0.550449550151825
0.5503473281860352
0.5514682531356812
0.5575694441795349
0.5508377552032471
0.5502938032150269
0.5556224584579468
0.5517638921737671
0.547082781791687
0.5521617531776428
0.5561938881874084
0.5556225776672363
0.5484829545021057
0.546151340007782
0.5407581329345703
0.5598796606063843
0.5553680062294006
0.5513178110122681
0.5558339953422546
0.5508713722229004
0.55527263879776
0.549017608165741
0.5484375953674316
0.5524245500564575
0.5528254508972168
0.5575076341629028
0.5589828491210938
0.5508584380149841
0.5592674016952515
0.5459984540939331
0.5495996475219727
0.5514657497406006
0.562289834022522
0.5527894496917725
0.5547465682029724
0.5483008623123169
0.550116777420044
0.5467067956924438
0.5549570322036743
0.5603570342063904
0.5530576109886169
0.5410763025283813
0.549241304397583
0.5529462099075317
0.5574392676353455
0.5559152960777283
0.5587872266769409
0.5408215522766113
0.5514673590660095
0.5516608953475952
0.5466539859771729
0.5543631315231323
0.55856853723526
0.5476577281951904
0.5534217357635498
0.5549414157867432
0.5494414567947388
0.5547266006469727
0.5498529076576233
0.55190110206604
0.5452632904052734
0.5415810942649841
0.549653172492981
0.5499609112739563
0.5500035881996155
0.546008825302124
0.5520545244216919
0.550381064414978
0.5485718846321106
0.5506340265274048
0.5519397258758545
0.5486317873001099
0.5433758497238159
0.554317831993103
0.5527583956718445
0.5408098101615906
0.5454145669937134
0.5520695447921753
0.5521755814552307
0.5544625520706177
0.5481507182121277
0.5505795478820801
0.5461058020591736
0.5464476346969604
0.5506740212440491
0.5434105396270752
0.5510210394859314
0.554074764251709
0.5472134351730347
0.5365185737609863
0.5513011813163757
0.5475091934204102
0.5439538359642029
0.5444865822792053
0.5485785603523254
0.5518906116485596
0.5503851175308228
0.548674464225769
0.5496593713760376
0.5544914603233337
0.5457419753074646
0.546307384967804
0.545339822769165
0.5496383309364319
0.5557767152786255
0.5488632321357727
0.5478537678718567
0.548785924911499
0.54979407787323
0.5538678765296936
0.5517184138298035
0.5434815287590027
0.5461099147796631
0.5515933632850647
0.544824481010437
0.5602113008499146
0.5543422698974609
0.5511173605918884
0.5441659688949585
0.5523077249526978
0.5498447418212891
0.5575002431869507
0.5386723279953003
0.5491490364074707
0.5361640453338623
0.5458293557167053
0.5499542355537415
0.5510625839233398
0.5460774898529053
0.5527732968330383
0.5455630421638489
0.5516622066497803
0.548321545124054
0.5444539785385132
0.5510573387145996
0.5489904880523682
0.553592324256897
0.5497632026672363
0.5461921095848083
0.5443754196166992
0.5422568321228027
0.5490501523017883
0.5469722151756287
0.5438345074653625
0.554703950881958
0.5567873120307922
0.553787350654602
0.546036422252655
0.5536025762557983
0.5480815768241882
0.5452372431755066
0.55291348695755
0.5508763790130615
0.5546674728393555
0.5473178029060364
0.547726571559906
0.5496281385421753
0.5477861762046814
0.543851912021637
0.5484122633934021
0.5459641814231873
0.5445189476013184
0.5457510948181152
0.5375770926475525
0.5406933426856995
0.5415481328964233
0.5453904867172241
0.5474474430084229
0.5538869500160217
0.5414280891418457
0.5449702739715576
0.5493425130844116
0.5456488132476807
0.5509960055351257
0.5424051284790039
0.5377792716026306
0.5455068349838257
0.5423390865325928
0.5474196076393127
0.5401766896247864
0.5444685816764832
0.5476951003074646
0.5476853847503662
0.5433341264724731
0.5380899906158447
0.5453977584838867
0.5500767827033997
0.5413661599159241
0.549518883228302
0.548324465751648
0.5498871207237244
0.5391604900360107
0.5469960570335388
0.5465244054794312
0.5461224317550659
0.5476205348968506
0.5468317270278931
0.5504360198974609
0.5415762662887573
0.5482664704322815
0.5495808124542236
0.5363907217979431
0.5427577495574951
0.5474465489387512
0.5433796644210815
0.5410137176513672
0.5478580594062805
0.5430898666381836
0.5499315857887268
0.5440062284469604
0.534766435623169
0.5472924709320068
0.5457833409309387
0.5454549789428711
0.5479984879493713
0.547366738319397
0.5423249006271362
0.5480798482894897
0.5435416102409363
0.5495744347572327
0.5480902194976807
0.5469604134559631
0.5516447424888611
0.5435016751289368
0.5485550761222839
0.5454005599021912
0.5451022386550903
0.5414388179779053
0.5384764671325684
0.5486376285552979
0.5419746041297913
0.5457712411880493
0.5462958216667175
0.5497334003448486
0.5371993184089661
0.5410534739494324
0.5407612919807434
0.5502620339393616
0.5461733341217041
0.5403240919113159
0.5491689443588257
0.5540257692337036
0.5470827221870422
0.5527939796447754
0.5449234843254089
0.5504270792007446
0.5428621172904968
0.5515905022621155
0.5537818670272827
0.5484813451766968
0.5449439287185669
0.55296790599823
0.5489293932914734
0.5447869896888733
0.5465365648269653
0.5521460771560669
0.5543445348739624
0.5437257885932922
0.5469220280647278
0.5479542016983032
